#' Personal palettes
#'
#' Color scales for theme_simple
#'

#' Semiotic
#' @export
tricolour_pal <- c("#9d1939", "#eebd31", "#11335d")

#' Semiotic
#' @export
semiotic_pal <- c("#ffd700","#ffb14e","#fa8775", "#ea5f94", "#cd34b5","#9d02d7","#0000ff")

#' Red as highlight
#' @export
redfocus <- c("#CB181D", "#252525", "#525252", "#737373", "#969696", "#BDBDBD", "#D9D9D9", "#F0F0F0")

#' Green as highlight
#' @export
greenfocus <- c("#41AB5D", "#252525", "#525252", "#737373", "#969696", "#BDBDBD", "#D9D9D9", "#F0F0F0")

#' Blue as highlight
#' @export
bluefocus <- c("#0033FF", "#252525", "#525252", "#737373", "#969696", "#BDBDBD", "#D9D9D9", "#F0F0F0")

#' Qualitative color schemes by Paul Tol
#' @export
qualitative1 <- c("#4477AA")
#' Qualitative color schemes by Paul Tol
#' @export
qualitative2 <- c("#4477AA", "#CC6677")
#' Qualitative color schemes by Paul Tol
#' @export
qualitative3 <- c("#4477AA", "#DDCC77", "#CC6677")
#' Qualitative color schemes by Paul Tol
#' @export
qualitative4 <- c("#4477AA", "#117733", "#DDCC77", "#CC6677")
#' Qualitative color schemes by Paul Tol
#' @export
qualitative5 <- c("#332288", "#88CCEE", "#117733", "#DDCC77", "#CC6677")
#' Qualitative color schemes by Paul Tol
#' @export
qualitative6 <- c("#332288", "#88CCEE", "#117733", "#DDCC77", "#CC6677","#AA4499")
#' Qualitative color schemes by Paul Tol
#' @export
qualitative7 <- c("#332288", "#88CCEE", "#44AA99", "#117733", "#DDCC77", "#CC6677","#AA4499")
#' Qualitative color schemes by Paul Tol
#' @export
qualitative8 <- c("#332288", "#88CCEE", "#44AA99", "#117733", "#999933", "#DDCC77", "#CC6677","#AA4499")
#' Qualitative color schemes by Paul Tol
#' @export
qualitative9 <- c("#332288", "#88CCEE", "#44AA99", "#117733", "#999933", "#DDCC77", "#CC6677", "#882255", "#AA4499")
#' Qualitative color schemes by Paul Tol
#' @export
qualitative10 <- c("#332288", "#88CCEE", "#44AA99", "#117733", "#999933", "#DDCC77", "#661100", "#CC6677", "#882255", "#AA4499")
#' Qualitative color schemes by Paul Tol
#' @export
qualitative11 <- c("#332288", "#6699CC", "#88CCEE", "#44AA99", "#117733", "#999933", "#DDCC77", "#661100", "#CC6677", "#882255", "#AA4499")
#' Qualitative color schemes by Paul Tol
#' @export
qualitative12 <- c("#332288", "#6699CC", "#88CCEE", "#44AA99", "#117733", "#999933", "#DDCC77", "#661100", "#CC6677", "#AA4466", "#882255", "#AA4499")